4.5 0.0175474829269655
5.5 0.0180639075664113
6.5 0.0229026202891952
7.5 0.023982386
8.5 0.026395582
9.5 0.030477219
10.5 0.033490454
11.5 0.04065158
12.5 0.04176883
13.5 0.045103541
14.5 0.044705786
15.5 0.052328805
16.5 0.046150456
17.5 0.05206612
18.5 0.054595358
19.5 0.06477251
20.5 0.065794246
21.5 0.062425446
22.5 0.062534601
23.5 0.071526882
24.5 0.070021782
25.5 0.067197996
26.5 0.075353824
27.5 0.08230824
28.5 0.084645503
29.5 0.078775031
30.5 0.09163367
31.5 0.091719414
32.5 0.09674414
33.5 0.094621775
34.5 0.10187832
35.5 0.099409147
36.5 0.10424309
37.5 0.10965441
38.5 0.1181551
39.5 0.11242586
40.5 0.11634374
41.5 0.12510743
42.5 0.12771651
43.5 0.1235056
44.5 0.12522718
45.5 0.12702035
46.5 0.13487775
47.5 0.13838041
48.5 0.12994679
49.5 0.14117995