4.5 0.0118684807926228
5.5 0.0077484327198695
6.5 0.00517884089529939
7.5 0.00354137188676601
8.5 0.00315852293966784
9.5 0.00213471236020081
10.5 0.0196983785896788
11.5 0.014161788689005
12.5 0.0104645422013539
13.5 0.00739488234454329
14.5 0.00533934626237254
15.5 0.00388657949695071
16.5 0.00285886029536922
17.5 0.00212237810285051
18.5 0.00158678931809242
19.5 0.00119337012428232
20.5 0.000899826763175164
21.5 0.000681495138559223
22.5 0.000515778007931796
23.5 0.000392091755604221
24.5 0.000297244449037903
25.5 0.000224937772877345
26.5 0.000170085264301812
27.5 0.000127968921601026
28.5 9.61138960097428e-05
29.5 7.20275016542801e-05
30.5 5.34508681586165e-05
31.5 3.95554714952922e-05
32.5 2.90938653018696e-05
33.5 2.12287211830577e-05
34.5 1.52777817271382e-05
35.5 1.09300001699605e-05
36.5 7.71366324702244e-06
37.5 5.39439695669485e-06
38.5 3.71154100535973e-06
39.5 2.50427607579212e-06
40.5 1.66281759587973e-06
41.5 1.07769253484602e-06
42.5 6.78644308085225e-07
43.5 4.1264054444237e-07
44.5 2.40239572238077e-07
45.5 1.32235708787666e-07
46.5 6.71905419317789e-08
47.5 3.03795816374699e-08
48.5 1.1336570965187e-08
49.5 2.96798397285572e-09
