4.5 0
5.5 0
6.5 0
7.5 0
8.5 0
9.5 0
10.5 0.0182323294105109
11.5 0.0131244954640572
12.5 0.00972410778201864
13.5 0.00685872278399633
14.5 0.00494231050383147
15.5 0.00359243441327609
16.5 0.00263884561794219
17.5 0.00195670795472731
18.5 0.00146162676714063
19.5 0.00109795660851013
20.5 0.000826966502942242
21.5 0.00062594004383984
22.5 0.000473317465085504
23.5 0.000359624296468237
24.5 0.000272478900232795
25.5 0.00020605992235309
26.5 0.000155711548247967
27.5 0.000117107004162085
28.5 8.79040955644462e-05
29.5 6.58494230106054e-05
30.5 4.88481886304143e-05
31.5 3.61314804109015e-05
32.5 2.65607337628254e-05
33.5 1.93744941196826e-05
34.5 1.39391228153371e-05
35.5 9.97009563367442e-06
36.5 7.03125395673727e-06
37.5 4.91599778114284e-06
38.5 3.38123154139175e-06
39.5 2.2803399811176e-06
40.5 1.51390663516492e-06
41.5 9.81017549964437e-07
42.5 6.17514121017545e-07
43.5 3.75288238631476e-07
44.5 2.18386923907062e-07
45.5 1.20166924883259e-07
46.5 6.10313481756422e-08
47.5 2.75807686051967e-08
48.5 1.02878767585288e-08
49.5 2.69232870555106e-09
