4.5 0.002828001784852
5.5 0.00209590025532385
6.5 0.00156390367079852
7.5 0.00112745523684289
8.5 0.000897255530777742
9.5 0.000261826682085112
10.5 0.0056248212615143
11.5 0.00616853230022763
12.5 0.00546991636284087
13.5 0.00581151147759833
14.5 0.00546915608425395
15.5 0.00506370688921557
16.5 0.0046490759313084
17.5 0.00423716300124886
18.5 0.0038462823684493
19.5 0.00347674156033633
20.5 0.00312939568426652
21.5 0.00280578966068819
22.5 0.00250521108998531
23.5 0.00223041053912547
24.5 0.00197503173586843
25.5 0.00174043890007952
26.5 0.00152738237961998
27.5 0.0013326504490073
28.5 0.00115534237046986
29.5 0.000995525492663845
30.5 0.000849788245685237
31.5 0.000720202837233314
32.5 0.000605941300286069
33.5 0.000504479970360716
34.5 0.000414887722734944
35.5 0.000337507301404831
36.5 0.000271281043949328
37.5 0.000214966510822734
38.5 0.00016762412494541
39.5 0.000128289316194235
40.5 9.61928332520031e-05
41.5 7.02930235262252e-05
42.5 4.99012181223728e-05
43.5 3.41384657975662e-05
44.5 2.23002310917377e-05
45.5 1.37019547010368e-05
46.5 7.73805768183473e-06
47.5 3.86089199247775e-06
48.5 1.57287236696038e-06
49.5 4.26829459219847e-07
